000000000000000000000011010000110
000000000000000000100011000000110
000100001000101110100010001000000
001100000010110110100000110101111
000000000000000010000001100100101
001100101100000110010001010000111
001100101100000110010001011000111
000000000000000000010000001000110
001100100100110110001101000000010
001100000010110110100001101001111
010010001000000110000001011000111
111100100000100110100010010000000
000000000010000000000000111000101
000000001000100100100000110000110
001100000010110101100001100000111
001100110000000010101000010010101
001100000010100110000111110000111
100100101100110110000101110100010
000000000000000000000011110101110
001100100000000010100001100000110
000000000100000010100001110100101
000000000000000000010011000000110
000000000000000000000011000100110
001100101100000110110001001000111
001101100000110110100110100000010
000101100000011010100100000000000
000000000000000000000011100000110
001100000010110100100000111000111
000000000000110110100001001000110
001100000010110101000001111000111
000000000000000000000000001100110
001100101100000110001011110000111
001100100010100110100110100000010
000000000000001010000001111100101
000010001010001100000000000000010
000000001000100100100000101000110
000000000000000000100000110000101
000000001000110100100100110001101
000000000000000010000011001110110
000000000000000010100001010000100
000000000000000010100001111000101
111000111101101010100110000000000
000100101000100010100000100010111
100100101100101110000001110000010
010010001000000110100001111100111
000000000000000010000001110100101
000000000000000000100000000000110
111011001100100100010101100100010
000000000000000001010001000000110
000000000000000001000001010000110
001100100000100110100110100000010
001100101100000110010001000100111
000000000000000010100001100000101
000010001000000101000000000000011
000000000000000010000011000000110
100000100000100110000000110000110
000000000000000000100000110000100
000000000000000000110000000000110
100100101000101000100000110000001
010010001000000101000001011000111
000000000000000011000000000000110
000000000000000001000011000000110
000000000000000000100000010000110
000010001000000100100000101001111
000000000000000000100000001000110
001001000100000000100010000000011
000000001001100110100001001000110
001000101000111011100010000000010
001100100000000010000001100100110
111100111100000110110011000000000
000000000001000000000000110100101
001100100000000010000001011000110
001100100100110110000101000000010
000001000100000001000001110100111
000000100000000010100001010000101
000100101100000110100000110000010
000000000000000010000001000000110
010010001000000110000001011100111
000001000100000010100001010100111
000000000000000000000011001000110
001100101010100010110010000000000
000001010100000010000001110000111
000000000000000010000011010110110
000100101000000000010010000000111
101011101100100100101110011000010
011100110000111010100110100000000
001100000010110101100001110000111
001101001110110110000100000100000
010000000000000010000001101000101
000000001000100110000001111100110
001100000010110100100000101000111
010010001000000110110001011000111
001100000010110110000001110101111
110101111100100100100010000000000
001100000010110110100000111001111
000000000000000010000011111101110
001100101100000110000001100110111
000000000000000001000001000100110
010010001000000110100000001001111
001100100000000010000001101000110
000000000000000000010000100000110
000010011000000100000000000000010
001100101100000110110001010000111
010010001000000100000000000000010
000000001000100110100001111000110
000000000000000010000011011010110
000000000000000000000000010100110
000001000000000010000001010100101
000000000000000010100010010000110
111100111001001000101000001000010
001100000010110101100001101000111
000000000000000001000001000000110
000100101000100001100001110100111
000000001000100100000000110100110
000001000100000000100000100100111
000000000000000000000000010000110
001100000010110110000001101010111
000100001000101110100010000000000
001100101100000110010001001100111
011100110000111010100110000000000
001100000010110101000001101000111
010010001000000101000001111100111
001100100000000010000001001100110
000000000000000000100011110000101
001101001110110110000100000000000
000000000000000000000011111001110
000000010000000010000001001100101
010010001000000100010000011000111
END
