11000100000001000000000000000000000000100000000000
11111010010100000000000100000111100000000000000000
11010100000011000000000110000000010000010000001000
11100000000000000000101111000000000000000000000000
11100000000000000001001000000000000000000000000000
01100000000100000000000110000000110110000000001000
11100000000000000000101110000000000000000000000000
11110000000010000000001110000000000000000000000000
11110000100000000000001001000000000000000000000000
10100000000000000000000000000000010100000000000000
01000000000000000000000000100000011010000000001100
11100000000000000000011110000000000000000000000000
01000010111011000000001010100000000010000000000100
01100001100000000000001010000001010000000000000100
11000100000000000000000010000000000100000000000000
11110001000010000000001010000010000000000000000000
11000100000000000000000010000000000000001000000000
11100000000000010000001000000000000000000000000000
01000000000000000000000000100000001110000000001100
11100000000000000000011111000000000000000000000000
11100010000000000000001101000000000000000000000000
10110001011011000000000010100010000000000000001000
10100000001000000000000110000000000000000000000000
11100000000000001000001110000000000000000000000000
10000100000000000000000010000000000010000000000000
11100000000000000000101000000000000000000000000000
01000011111000000000001000100100010000000000000000
11100001011100000000000110010110010000000000000000
11100010111011000000000000000000000000000000000001
11110000000000000000001111000000000000010000000000
11110000000000000000001000000000000000000000100000
11110000000000000000001100000000000000000100000000
01100001001100000000000110000000010100000000000000
11110000000010000000001101000000000000000000000000
01100001000100000000000110000000011000000000000000
11110000000000000000001000000000000000100000000000
11000100000000000000000010000000000010000000000000
10101000000001000000000000000000000000000000000000
01000100000000000000000100100000000010000000001100
01000000111101000000001010100001111000000000000001
11110000000100000000001001000000000000000000000000
11100010100000000000001000001000000000000000000000
11010001111011000000000000000000000000100000001000
11110000000000000000001110000000000000000100000000
11110000000000000000001101000000000000000010000000
10100000000111000000001000000000001000000000001000
11110000000000000000001011000000000000010000000000
11010110001111000000000000000000000000100000001000
11100000000100000000001001000000000000000000000000
11110000000010000000001011000000000000000000000000
11000111101100000000111010011000000000000000001000
10100000000010000000000010000000010000000000000000
11110000000000000000001111000000000000000001000000
11100000000000010000001111000000000000000000000000
10111101000000000000000000000000100000000000000000
11000011101100000000111010010000000000000000000000
11110010100000000000001000010000000000000000000000
11100000000000000000011100000000000000000000000000
01100100000000000000001000000010000001000000000000
11110000001000000000001100000000000000000000000000
11111100011011000000000010000000000000000000001000
01000011100000000000001010100111011110000000001100
01000000000000000000000100100000000100000000001100
11110000000010000000001100000000000000000000000000
10111001110000000000000000000000000000000000000000
10101000001100000000000000000000000000000000000000
11100000000000000010001111000000000000000000000000
11111010010010000000000100000111100000000000000000
01000000000000000000000100100000001000000000001100
11100000000000000001001100000000000000000000000000
11100010000000000000001001000000000000000000000000
01100001000000000000000100000101000000000000000000
01000000000000000000000000100000011100000000001100
10100010111011000000001010000100000000000000001000
11110000000000000000001000000000000000000000010000
01000000001101000000001010100000001000000000001100
11010100000000000000000010000000000000001000000000
01000001111110000000000010100000000000000000000100
11010101010111000000000000000000000000100000001000
00100001000000000000000001000010000000000000000000
10111100000000000000000000000010100000000000000000
01100001100000000000000110000101000000000000000000
11100001011101000000000110010111011000000000000000
11100000000000000001001110000000000000000000000000
11100010000000000000001100000000000000000000000000
11111000000001000000001000100000000010000000000100
11100000001000000000001001000000000000000000000000
11110000000100000000001011000000000000000000000000
11100000000000000010001101000000000000000000000000
11110000000000000000001100000000000000010000000000
01000000000000000000000100100000010000000000001100
11100001000000000000001011000000000000000000000000
01000000000000000000000000100000000000000000001100
01010000000100000000001010100000001000000000001100
01000000001011000000000110100000010110000000001100
01100000000001000000000000000000000000000000000000
11100010011001000000000000000000000000000000000000
11110000000000000000001000000000000000000100000000
10010100011011000000000010000000000000000000001000
11110000000000000000001011000000000000001000000000
01000000000000000000000100100000011110000000001100
11000111101100000000111010001100000000000000001010
11100010010001000000001011000001000000000000000000
01100001000100000000000110000000011100000000000000
11110000001000000000001001000000000000000000000000
01000100000111000000000100100000001000000000001100
11110001000000000000001001000000000000000000000000
11000100011100000000000100000000011100000000001010
10101000000100000000000000000000000000000000000000
11110000000000000000001100000000000000100000000000
11100000100010000000001001100000000000000000000001
11111011100000000000000100000110000000000000000000
11110000000000000000001101000000000000010000000000
00100000101011000000000001000000101000000000000000
11110000000000000000001111000000000000100000000000
11100000000000000010001110000000000000000000000000
01100000000100000000001010000100000001000000001000
11110000000001000000001110000000000000000000000000
10101000001000000000000000000000000000000000000000
10111001010000000000000000000000000000000000000000
11110010110000000000001000000000000000000000000000
11100000000000100000001000000000000000000000000000
01101000000100000000001010000001000000000000000000
10111100000000000000000000000010000000000000000000
01000000110000000000001000100001100000000000000100
11000000001000000000001000000000010000000000000000
11001010100100001000001000000000000000000000000001
11000010000000000000000001000000000000000000000000
11110000010000000000001001000000000000000000000000
10101010000000000000000000000000000000000000000000
11100000000000001000001000000000000000000000000000
01101000000100000000001010000010000000000000000000
11100000000001000000000100000000000100010000000010
01100000000000000000000000100000000000000000000100
11000000000000100000001000000000000000000000000000
11100000000000000010001100000000000000000000000000
11100000000000000001001111000000000000000000000000
10111001100000000000000000000000000000000000000000
11110000000000000000001111000000000000001000000000
11110000000000000000001110000000000000100000000000
10100000001100000000001000000000011000000000000000
11110000000001000000001111000000000000000000000000
11110000000000000000001101000000000000100000000000
01010010110010000000001011100000000100000000000100
01100001000110000000000110000000010100000000000000
11100000000000000100001111000000000000000000000000
11110000000001000000001101000000000000000000000000
11000011111100000000110000000000000000000000001000
11110000000100000000001101000000000000000000000000
11100000000000000000011000000000000000000000000000
11011001010000000000001010100101000000000000000100
11110000000000000000001111000000000000000100000000
01000011111011000000001010000110000000000000001000
11100000000000000010001000000000000000000000000000
11111000110001000000000001000011000000000000000000
10111110110000000000000000000000000000000000000000
11110000000010000000001001000000000000000000000000
01010010111000000000001010100000010000000000000100
00100010001000000000001010000100010000000000000000
11100001000000000000001101000000000000000000000000
11110000000000000000001000000000000000000010000000
11010100000000000000000010000000000100000000000000
01100101001100000000000110000000000100000000000000
01100000000000000000001000000000011110000000001000
10100010011011000000000010000101000000000000001000
11110000000001000000001001000000000000000000000000
11100000000000000000101011000000000000000000000000
11000100000000000000000010000000001000000000000010
11111001100000000000000100000100000000000000000000
10100011110000000000001000000111100000000000000000
11100001000000000000001110000000000000000000000000
00100001000000000000000010000011000000000000000000
11100001011001000000010000000000000000000000000000
11100000000000000100001110000000000000000000000000
11110000000000000000001110000000000000000010000000
11110000001000000000001011000000000000000000000000
10110011011111000000000000000000000000000000001000
11110000000000000000001101000000000000001000000000
11100000000000000001001011000000000000000000000000
10111011000000000000000000000000000000000000000000
11010100110101000000001000000100000000100000000000
01000000010000000000000010100000011110000000001100
11100000010000000000001100000000000000000000000000
11100010000000000000001111000000000000000000000000
11110000000000000000001001000000000000100000000000
11000100011100000000000100000000111000000000001000
00010000000001000000000000000000000000000000000000
10010000000011000000000000000000000000000000001000
01101000000000000000001000000000110000000000000000
10111000000000000000000000000000000010000000000000
11100001011101000000000110001011101100000000000010
11000100011100000000000100000000001100100000001010
11100000000000000000011001000000000000000000000000
01100000000000000000001000000010000001000000000000
01111000110011000000001000000000010000000000000000
11110000001100000000000110000000100000010000000000
10100010111011000000000010100000000000000000001000
01101000100000000000001000000100000000000000000000
11111010010101000000001010100000100000000000000100
11110000000000000000001110000000000000001000000000
11110000010001000000001011000001000000000000000000
11010000000101000000000000000000000000000000001000
10000000000000000000000010000000000000000000000000
11110000000000000000001110000000000000000001000000
01100001010000000000000110000001100000000000000100
11010100001000000000000000000000000000000000000000
11100000000000001000001111000000000000000000000000
11100001000000000000001100000000000000000000000000
01100001001100000000000110000000010000000000000000
11100000000000000000101101000000000000000000000000
11110010100000000000001000001000000000000000000000
11111010010010000000000100000111110000000000000000
11110000000001000000000100000000001000001000000000
11100001000000000000001010000010000000000000000000
11110000000000000000001111000000000000000010000000
01001100000000000000000100100000000010000000001100
11100010000000000000001110000000000000000000000000
01100011000000000000000110000101000000000000000000
11110000000000000000001100000000000000001000000000
11100000010000000000001001000000000000000000000000
00000001110000000000001000100011011110000000000000
11000001000000000000000100000000000000000000000000
11010000111111000000100000000000000000100000001000
11110000000000000000001000000000000000000001000000
11100000100000000000001100000000000000000000000000
01000000001100000000001000000000011000000000000100
11110000000000000000001000000000000000001000000000
10000011110111000000000110000011110000000000001000
11110000000000000000001000000000000000010000000000
10100000001010000000000000000000000000000000000000
11110000000100000000001100000000000000000000000000
11100000000000000000011011000000000000000000000000
11100000110101000000001011000010000000000000000010
11110000000000000000001101000000000000000100000000
11010000000000000000001000000000000000000000010000
11100000000001000000000100000000010100000000000010
11100000000000000100001101000000000000000000000000
11100000000000000000101100000000000000000000000000
11100000000000000000011101000000000000000000000000
00100000011111000000000000000000000000000000001000
11100000000000000100001000000000000000000000000000
11100000100000000000001101000000000000000000000000
11110000000001000000001100000000000000000000000000
01100001000000000000001000000001000000000000000000
11100010010011000000001010000000000000000000000000
11010000011111000000010000000000000000100000001000
11110000000000000000001011000000000000100000000000
11100000000000000001001101000000000000000000000000
11110000000000000000001111000000000000000000100000
10110100001010000000001010000000010000000000001000
11010000000000000000000000000000000000010000000000
11100001000000000000001001000000000000000000000000
11100010011101000000001011000000100000000000000000
01000000000000000000000000100000010110000000001100
01000100001011000000000110100000010000000000001100
11100000000000000000000100000000001000000000000000
10110000000001000000000000000000000000000000001000
11110000000000000000001110000000000000010000000000
11100001011100000000000110001011001000000000000010
11100000000111000000000000000000000000000000000000
10111001000001000000000000000000000000000000000000
11100010100000000000001000000100000000000000000000
11101010100000000000001000010000000000000000000000
10100010111011000000000010100000000000000000000000
END
