000000000000000000000000000001000000
111101001010101010101010101010101011
000000000100000000000000000001000000
000000000000000000000000000000000000
001000100010001101100010001101101010
000000000100010000000000000000000000
001000110110101000100010001000100010
000000000000000001000100000000000000
011001100010001000100010001000100010
001000100010001101101010001000100010
000000000000000001000000010001000000
001000100010001000100011011010100010
001101111110001000101010001000100010
000001000000000000000000000000000000
000000000000000000010110000000000000
001000100010001000110111111000100010
011010101010101010101010101010111100
110010101010101010111110001010101011
011000110100001000100010001000100010
001000110110101101100010001000100010
011000100010001000100011010000100010
111001101000000000000000000000000000
011010000001011000000000000000000000
000000000000010000000000000000000000
000000000000000000000000000000010110
110010101010101010101011111000101011
011000100011010000100010001000100010
000000000100000000000000000000000000
000000000000000000000000010000000000
111111100010001000100010001000100010
110101000000000000000000000000000000
010000000000000000000000000101000000
011010010110000000000000000000000000
001000100010001000100010001000110111
011010000000000000010110000000000000
110010111110001010101010101010101011
001000100010001101101010001101100010
011010000000000101100000000000000000
011000100010001101000010001000100010
000000000000000000000100000000000000
110010101010101010101010101111100011
110111100010101010101010101010101011
110010101010101010101010101010111110
000000000000000000000000000000000100
000000000100000000000100000000000000
001000100011011010100011011000100010
011010000000000000000000000101100000
010011001000100010001000100010001001
010000010100010000000000010000000000
000000000000010000000100000000000000
011010000000000000000001011000000000
110010101010101111100010101010101011
001000100010001000110110101000100010
001000100011011010100010001000100010
011000100010001000100010001101000010
000000000001011000000000000000000000
110010101011111000101010101010101011
011000100010001000110100001000100010
110001100010001000100010001000100010
000000000000000001000000000000000000
001000100010001000100010001101101010
011111100000000000000000000000000000
011101000010001000100010001000100010
END
