00001011001000000000000101000000000000000
11100100000001000000000000000110000000101
00001000000000000000000000000000000001000
00100000011000000100000001000000000000000
00000000000000000010000000000000000000000
00000001001000000000101100100000000000000
00000010100000000000101100100000000000000
00000000000010000000000000000000000010001
00000000000000000000000000000100001000000
00000000000001101011100010010001001000001
00001000000000000000000000000000000001001
00000000000000000000110000001000000000000
00000011000000100000000000000000000000000
00000000010000000000000000000000000000011
00000000000010000000000000000000000010000
00000000000000000000000000000100001000001
00001011001000000000001010000000000000000
00000000000000000011000000000010000000000
00000000000000000010001010100010000000000
00000000001000000000000000000000000000000
11000000000000000000000000001000000000000
00100010101000100000000000000000000000000
00000010000000000000000000000000000000000
00000000000100000000000000000000000000000
00000000000000000000000001000000000100001
00001011001000000000001001000000000000000
00000000000000000000000000100000000000000
00000000000000000000000000001000100000001
00000000000000000000010000000000000000100
00000000000000000000000000001000100000000
00100000000000110000000000000000000000000
00110000000000100000000000000000000000000
00000100100000000000101100100000000000000
00000000000000100000000000000000000000000
00000010001100000000000000000000000000000
00000000000000000000000001000000000100000
00000000000000000000001100100000000000000
00001011001000000000010010000000000000000
10111000100100010000000000000110000000101
00001100000010000000000000000000000000000
00000001010000000000101100100000000000000
00001011001000000000000100100000000000000
01000000010000000010000010100000000000000
00000000000000000000001000000000000000000
00000000000001101110010000000100001000001
00000000000000000000100000000000010000000
00000000000000000000000000000010000000000
00000000000000000000001000110000000000000
00100000101000000100000001000000000000000
00000000000000000000001000000011000000000
01000000010000000010000001100000000000000
00000000000000000000100000000000010000001
00000000010000000000000000000000000000010
00000000000000000000010000000000000000101
00000000000000001100000000001000000000000
00001000000011000000000000000000000000000
END
