000000000000000000000000001000000000000000000000000001000001
101010000000000000000000000000000000000000000000000000000000
000000000000000000000001111101111000000000000000000000000000
100110001000000110000000000000000000000000000000000001000000
000000000000000001000000000000000000000000000000000000000000
000000000000000000000000010000000000000000000000000001000001
000000000000000000000001110111111000000000000000000000000000
000000000000000000000000000001000000000000000000000001000001
000001110000000000000000000000000000000000000000000000000000
000101000000000110000000000000000000000000000000000001000000
100010001100000000000000000000000000001000010000000010000000
100111001100000110000000000000000010000000101000001000000001
100011001100000110000000000000000000000011111000000000000000
110000001000000000000001000000000000000000000000000001000000
111000010111100000000000000000000000000000000010000000000000
101001000101000000000000000000000000000000000000000000000000
000000000000000000000000000010000000000000000000010000000000
110110011110000000000001000000000001000001000000000001000000
011100000000000000000000000000000000000000000000000000000000
100010001010000000000001000000000000000100000000000001000000
000000000000000000000000000000000000000000000000000000110000
000000000010000110000000000000000000000000000000000000000000
100010001100000000000000000000000000100000100000000010000000
111000010111010000000000000000000000000000000010000000000000
000000000000000000000000100000000000000000000000010000000000
000000000000000000000000010000000000000000000000010000000000
000000000000000000000000000000000000000000010111001000000101
000000000000000000000000000000000000000000000000000000000010
100010001100000000000000000000000010000010000000000010000000
000011000100000110000000000000000000100000001110001000000000
100011001100000110000000000000000000000000001000000010000000
111000000110001000000000000000000000000000000000000000000000
110100001000000000000000001000000000000000000000000001000001
000000000000000000000000000000000001000000000000000001000001
011001000101000000000000000000000000000000000000000000000000
100010001100000000000000000000000000001000110000001000000001
100010001100000000000000000000000001100000100000001000000000
010100001000000000000001000000000000000000000000000001000000
100010001100000000000000000000000001000000000000000100000000
111001000101000000000000000000000000000000000000000000000000
001110000000000000000000000000000000000000000000000000000000
111000000101001000000000000000000000000000000000000000000000
110100011000000100000001000000000000000000000000000001000001
111000010111110000000000000000000000000000100000000000000000
111000010111110000000000000000000000000010000000000000000000
000000010011110000000000000000000000000000000010000000000000
100011001100000110000000000000000000000000000100000010000000
000000000000000000000000001000000000000000000000010000000000
100010001100000000000000000000000000001011110000000000000001
100111001100000110000000000000000000100000001010001000000001
000000000000000000000100000000000000000000000000000000000000
100111001100000110000000000000000000001000001011001000000001
111000010111110000000000000000000000000000010000000000000000
100011001100000110000000000000000000000000000001000010000000
100011001100000110000000000000000000000000000001000100000000
100110001110000000000000000000000010000100000000000001000001
000000000000000000000000000000000000000000001110001000000101
000000000000000000000001010111111000000000000000000000000000
110100001000000000000000100000000000000000000000000001000001
100111001100000110000000000000000000001000001101001000000001
100011001100000110000000000000000000000011101000000000000000
000000110010000000000000000000000000000000000000000000000000
000000000000000001100000000000000000000000000000000000000000
000000000000000000000000000000000000010000000000000001000001
000000000000000000000000000000000000000000001011001000000101
111000010111110000000000000000000000000000000010000000000000
100111001100000110000000000000000001000000001100001000000001
000000000000000000000000000000000000000000000000000000010000
010000000000000000000000000000000100000010000000000000000000
100110001000000000000001000000000000000100000000000001000001
100010001100000000000000000000000010000010000000000100000000
100010001100000000000000000000000010000100000000000001000001
110100001000000000000000010000000000000000000000000001000001
000000000000000000000000000000000000000000000000010000000001
000001100000000010000000000000000000000000000000000000000000
100010001100000000000000000000000000001011010000000000000001
101110110000000000000000000000000000000000000000000000000000
111000000111110000000000000000000000000000000010000000000000
111001000001000000000000000000000000000000000000000000000000
111000010111110000000000000000000000000001000000000000000000
100111001000000100000000000000000000000000000000000001000000
000000000000000000000000000000010000000011101111100000000000
100010001100000000000000000000000000100010100000000000000001
000000000000000000000000000000000000000000000000000000001000
100010001100000000000000000000000000001000000000000100000000
101111100000000000000000000000000000000000000000000000000000
000000000000000000000000000000100000000000000000000001000001
000000000000000000010100000000000000000000000000000000000000
000000000000000000000000000100000000000000000000000001000001
100100000000000000000000000000000010000000000000000001000000
000000000000000000000001000000000000000000000000010000000000
000000100010000010000000000000000000000000000000000000000000
000000000000000000000000000000000000000000001101001000000101
110001000101000000000000000000000000000000000000000000000000
110100001000000000000000000010000000000000000000000001000001
100010001100000000000000000000000000100000000000000100000000
100111001000000010000000000000000000000000000000000001000000
000100000000000000000000000000000100000000000000000001000001
110100001000000000000000000100000000000000000000000001000001
000000001000000000000000000000000100000000000000000001000001
100111001000000110000000000000000000000000000000000001000000
111000010111110000000000000000000000000000001000000000000000
100010001000000000000000000000000010000000000000000001000001
000011000100000110000000000000000000001000001111001000000000
110100001000000000000000000001000000000000000000000001000001
000000000000000000000000000000010000000011111011100000000000
101111110000000000000000000000000000000000000000000000000000
100010001100000000000000000000000000001000010000001000000001
100011001100000110000000000000000000000000000010000010000000
100010001100000000000000000000000011000001000000001000000000
111000000111001000000000000000000000000000000000000000000000
111000010111110000000000000000000000000000000100000000000000
100011001100000110000000000000000000000000111000001000000000
000000000000000000100000000000000000000000000000000000000000
100010001100000000000000000000000001000001000000000010000000
111000010101110000000000000000000000000000000010000000000000
000000000000000000000000000010000000000000000000000001000001
000100000010000000000001000000000000000100000000000001000000
110100000000000000000001000000000000000000000000000001000000
100110001010000000000001000000000000000100000000000001000001
111001000100000000000000000000000000000000000000000000000000
000000000000000000001010000000000000000000000000000000000000
111100000000000000000000000000000000000000000000000000000000
000000000000000000000000000000000100010000000000000001000001
100111001100000110000000000000000010000000011000001000000001
000000000000000000000000000000000000000000000000000000100010
100011001100000110000000000000000000000000000010000100000000
100110011010000000000001000000000000000100000000000001000001
000001010000000100000000000000000000000000000000000000000000
100110001010000000000001000000000000000000000000000001000001
000000000000000000000000000100000000000000000000010000000000
100010011010000000000001000000000000000100000000000001000000
000000000000000000000001111100111000000000000000000000000000
111000010111110000000000000000000000000000000001000000000000
000000000000000000000000100000000000000000000000000001000001
000000000000000000000000000000000000000000110000001000000001
110100001010000100000001000000000000000000000000000001000001
110110011110000100000001000000000001000001000000000001000001
000000000000000000000010000000000000000000000000000000000000
100011001100000110000000000000000000000011011000000000000000
101111010000000000000000000000000000000000000000000000000000
000000000000000000000000000000000000000000000000000000101000
000010001000000000000000000000000000000000000000000000000000
110100001000000000000000000000100000000000000000000001000001
000000000011001000000000000000000000000000000000000000000000
111000010110110000000000000000000000000000000010000000000000
000000000000000000000000000001000000000000000000010000000000
100010001100000000000000000000000010000000000000000100000000
END
